100
27 490
31 686
39 614
47 452
58 730
73 504
73 260
77 657
79 901
109 319
114 905
125 530
129 657
136 746
139 211
155 429
172 113
177 597
189 376
194 809
206 795
215 76
251 972
253 165
264 880
269 892
325 932
328 649
343 18
344 419
351 251
374 344
378 598
386 978
386 772
400 515
414 424
414 639
435 366
438 82
440 637
445 105
446 387
450 817
465 865
477 891
482 204
495 253
495 353
499 874
502 939
506 802
574 922
645 760
652 698
680 223
694 918
700 453
709 314
714 790
716 232
735 274
736 511
769 120
770 144
772 446
773 205
775 515
782 143
797 753
809 636
812 643
823 121
825 669
826 545
827 689
834 608
847 187
855 946
856 841
863 192
871 61
878 171
903 343
915 874
919 465
919 449
928 709
931 490
940 586
942 586
951 730
954 914
970 271
975 359
978 451
982 94
984 639
991 340
995 147